32 561
33 749
34 749
35 1500
36 1124
37 1875
38 1124
39 374
40 749
41 749
42 936
43 1312
44 749
45 749
46 749
47 749
48 1124
49 1124
50 1124
51 1124
52 1124
53 1124
54 1124
55 1124
56 1124
57 1124
58 749
59 749
60 1500
61 1500
62 1500
63 936
64 1687
65 1312
66 1124
67 1124
68 1312
69 1124
70 1124
71 1312
72 1312
73 749
74 936
75 1124
76 936
77 1500
78 1124
79 1312
80 1124
81 1500
82 1312
83 1124
84 1124
85 1312
86 1124
87 1875
88 1124
89 1124
90 936
91 749
92 749
93 749
94 1500
95 1124
96 1124
97 936
98 1124
99 749
100 936
101 936
102 749
103 936
104 936
105 374
106 561
107 936
108 374
109 1500
110 1124
111 1124
112 1124
113 936
114 749
115 936
116 749
117 936
118 1124
119 1500
120 1124
121 1124
122 749
123 936
124 749
125 936
126 1312
127 2062
128 -1
129 -1
130 1500
131 -1
132 -1
133 -1
134 -1
135 -1
136 -1
137 -1
138 -1
139 -1
140 -1
141 -1
142 -1
143 -1
144 -1
145 3000
146 3000
147 -1
148 -1
149 -1
150 -1
151 -1
152 -1
153 -1
154 -1
155 -1
156 -1
157 -1
158 -1
159 -1
160 561
161 749
162 1124
163 1124
164 1124
165 1124
166 749
167 1124
168 1312
169 1875
170 936
171 1030
172 1500
173 749
174 1875
175 1124
176 936
177 1500
178 749
179 1124
180 1124
181 1124
182 936
183 842
184 1124
185 936
186 1124
187 1030
188 2062
189 2062
190 2062
191 749
192 1312
193 1312
194 1312
195 1312
196 1312
197 1312
198 1875
199 1124
200 1124
201 1124
202 1124
203 1124
204 749
205 749
206 749
207 749
208 1500
209 1124
210 1312
211 1312
212 1312
213 1312
214 1312
215 1500
216 1312
217 1312
218 1312
219 1312
220 1312
221 1124
222 1124
223 1124
224 936
225 936
226 936
227 936
228 936
229 936
230 1687
231 749
232 936
233 936
234 936
235 936
236 374
237 374
238 374
239 374
240 1124
241 1124
242 1124
243 1124
244 1124
245 1124
246 1124
247 1687
248 1124
249 936
250 936
251 936
252 936
253 1124
254 1124
255 1124
